tree
version=v3
num_class=1
num_tree_per_iteration=1
label_index=0
max_feature_idx=73
objective=binary sigmoid:1
feature_names=Column_0 Column_1 Column_2 Column_3 Column_4 Column_5 Column_6 Column_7 Column_8 Column_9 Column_10 Column_11 Column_12 Column_13 Column_14 Column_15 Column_16 Column_17 Column_18 Column_19 Column_20 Column_21 Column_22 Column_23 Column_24 Column_25 Column_26 Column_27 Column_28 Column_29 Column_30 Column_31 Column_32 Column_33 Column_34 Column_35 Column_36 Column_37 Column_38 Column_39 Column_40 Column_41 Column_42 Column_43 Column_44 Column_45 Column_46 Column_47 Column_48 Column_49 Column_50 Column_51 Column_52 Column_53 Column_54 Column_55 Column_56 Column_57 Column_58 Column_59 Column_60 Column_61 Column_62 Column_63 Column_64 Column_65 Column_66 Column_67 Column_68 Column_69 Column_70 Column_71 Column_72 Column_73
feature_infos=[89:493336] [0:212] [0:0.98339998722076416] [0:62] [-3.1501998901367188:218.52330017089844] [0:1] [0:1] [0:1] [0:1] [0:1] [0:1] [0:1] [0:1] [0:1] [0:1] [0:1] [0:1] [0:1] [0:1] [0:1] [0:1] [0:1] none none [0:1] [0:1] [0:1] [0:1] [0:44] [0:26] [0:3369] [0:143] [0:57] [0:6081] [0:7186] [0:159] [0:159] [0:3517] [0:1] [0:37] [0:15] [0:19] [0:8] [0:75] [0:12] [0:22] [0:5] [0:12] [0:154] [0:159] [0:159] [0:6081] [0:13.157895088195801] [0.5:1] [0:1.364472508430481] [0:1] [0:1] [0:46] [0:28] [0:3268.39990234375] [0:1] [0:1] [0:1] [0:1] [0:1] [1:59] [0:73] [0:24] [0:5] [0:62] [0:16] [0:40] [0:27] [0:24]
tree_sizes=1828 2263 3720 3832 3084 2678 2746 2885 2886 2810 2454 2113 2259 1346 1683 1146

Tree=0
num_leaves=16
num_cat=0
split_feature=57 33 36 0 45 0 31 57 0 0 0 1 34 33 1
split_gain=1.97578e+08 3.49354e+07 5.84468e+06 314525 743059 339960 116468 18144.1 5.68434e-14 7.10543e-15 8.88178e-16 1.11022e-16 1.11022e-16 5.55112e-17 6.93889e-18
threshold=2.5000000000000004 357.50000000000006 7.5000000000000009 76283.000000000015 1.0000000180025095e-35 9111.0000000000018 10.500000000000002 21.500000000000004 16255.500000000002 5316.5000000000009 103009.00000000001 110.50000000000001 611.50000000000011 681.50000000000011 183.50000000000003
decision_type=2 2 2 2 2 2 2 2 2 2 2 2 2 2 2
left_child=8 9 3 5 7 13 -7 -5 -1 12 -4 -12 -2 -3 -13
right_child=1 2 10 4 -6 6 -8 -9 -10 -11 11 14 -14 -15 -16
leaf_value=-7.0961252961292978 -7.0961252961292978 -7.0961252961292978 -7.0961252961292978 86.630468103316915 -7.0961252961292978 87.836393123563951 102.167314036397 102.33319512977296 -7.0961252961292978 -7.0961252961292978 -7.0961252961292978 -7.0961252961292942 -7.0961252961292933 -7.0961252961292978 -7.0961252961292924
leaf_weight=70.892339572368655 0.60038757749134575 0.024673462088684484 4.0098945053759953 1.1654027513577594 0.88550313940504555 5.7529933705227441 397.87538938154466 1.9963430166244507 290.40664878382813 32.070017723715864 0.94855754252057511 0.030156453663948923 0.022845798230264336 0.261355931754224 0.018276638584211469
leaf_count=77577 657 27 4388 184 969 839 1058 2 317790 35094 1038 33 25 286 20
internal_value=-6.99603 92.4122 100.29 101.608 73.8694 101.886 101.963 96.5453 -7.09613 -7.09613 -7.09613 -7.09613 -7.09613 -7.09613 -7.09613
internal_weight=0 445.662 412.969 407.962 4.04725 403.914 403.628 3.16175 361.299 32.6933 5.00689 0.996991 0.623233 0.286029 0.0484331
internal_count=439987 44620 8844 3365 1155 2210 1897 186 395367 35776 5479 1091 682 313 53
is_linear=0
shrinkage=1


Tree=1
num_leaves=20
num_cat=0
split_feature=31 31 50 45 58 35 57 10 31 0 30 52 39 0 0 0 1 34 1
split_gain=1.28004e+06 391929 925464 76396.3 116931 242528 67887.8 292949 399687 681366 177132 664048 88040.3 30952.7 765.535 1.13687e-13 3.55271e-15 4.44089e-16 2.22045e-16
threshold=69.500000000000014 34.500000000000007 7.5000000000000009 1.0000000180025095e-35 2.5000000000000004 30.500000000000004 2.5000000000000004 1.0000000180025095e-35 9.5000000000000018 76283.000000000015 2289.5000000000005 0.85179844498634349 2.5000000000000004 58787.500000000007 91117.000000000015 81927.500000000015 13.500000000000002 1908.5000000000002 64.500000000000014
decision_type=2 2 2 2 2 2 2 2 2 2 2 2 2 2 2 2 2 2 2
left_child=1 6 -3 4 -4 -6 15 10 13 -10 12 -12 -8 -9 -5 -1 17 -17 -16
right_child=-2 2 3 14 5 -7 7 8 9 -11 11 -13 -14 -15 18 16 -18 -19 -20
leaf_value=-0.10008283426649758 117.07345173161934 120.27496329640836 -15.216095138617213 -19.448578583836092 -1148.9170179646514 -0.10008283426647338 -14.651207719584466 -12.061449092492655 -329.68842954875663 -33.442398040573039 -1427.0516443650704 -38.797074333405064 -0.64421511064228543 -95.569634230170166 -0.10008283426649754 -0.10008283426649744 -0.10008283426649758 -0.10008283426649518 -0.10008283426649221
leaf_weight=299.02396935061552 0.93220042687607829 0.90408454608404953 0.01323100272566069 0.020673441758844668 0.0033077506814151994 0.0041346883517690003 5.3329210361116557 0.76078265672549494 0.12652146356413141 0.20094585389597341 0.0041346883517680002 0.020673441758845001 28.301941767858807 0.047135447210166603 1.8622636336367575 3.0257649358245575 23.384970379935112 0.037212195165920892 0.020673441758845112
leaf_count=361604 37 8 18 31 45 5 7253 1013 926 310 64 33 34379 102 2252 3659 28279 45 25
internal_value=0 -0.257812 36.822 -2.38665 -193.585 -510.685 -0.548917 -4.74729 -54.7071 -147.901 -3.06208 -270.173 -2.86507 -16.9335 -0.31021 -0.100083 -0.100083 -0.100083 -0.100083
internal_weight=0 363.095 2.82837 1.92428 0.0206734 0.00744244 360.267 34.7951 1.13539 0.327467 33.6597 0.0248081 33.6349 0.807918 1.90361 325.472 26.4479 3.06298 1.88294
internal_count=440088 440051 2384 2376 68 50 437667 44080 2351 1236 41729 97 41632 1115 2308 393587 31983 3704 2277
is_linear=0
shrinkage=0.1


Tree=2
num_leaves=33
num_cat=0
split_feature=33 53 57 10 32 59 33 57 1 10 10 57 54 47 57 28 53 31 37 57 39 59 53 1 1 57 36 65 1 1 30 37
split_gain=5.42233e+10 7.83216e+11 2.48731e+12 4.25732e+10 4.09485e+11 1.61236e+12 1.45251e+10 4.35594e+11 4.26515e+12 5.10316e+12 2.99305e+09 4.21225e+11 8.28527e+12 2.1431e+11 1.25963e+09 2.38354e+10 4.22683e+08 55649.7 77895 51485.7 3.36962e+06 4806.6 7008.89 2603.42 5921.11 243.49 62.639 1.7053e-13 8.88178e-16 1.11022e-16 5.55112e-17 1.11022e-16
threshold=2372.5000000000005 0.79431909322738659 2.5000000000000004 1.0000000180025095e-35 9.5000000000000018 74.649997711181655 1951.5000000000002 2.5000000000000004 35.500000000000007 1.0000000180025095e-35 1.0000000180025095e-35 3.5000000000000004 0.071663331240415587 1.0000000180025095e-35 2.5000000000000004 7.5000000000000009 0.64527568221092235 62.500000000000007 762.50000000000011 2.5000000000000004 2.5000000000000004 129.15000152587893 0.55891487002372753 37.500000000000007 35.500000000000007 6.5000000000000009 9.5000000000000018 3.5000000000000004 8.5000000000000018 16.500000000000004 266.50000000000006 141.50000000000003
decision_type=2 2 2 2 2 2 2 2 2 2 2 2 2 2 2 2 2 2 2 2 2 2 2 2 2 2 2 2 2 2 2 2
left_child=6 3 -3 21 5 -5 10 26 9 -9 17 14 -13 -14 28 -16 -10 19 -19 27 -21 30 -23 24 -6 -25 29 -1 -12 -8 31 -2
right_child=1 2 -4 4 23 -7 7 8 16 -11 11 12 13 -15 15 -17 -18 18 -20 20 -22 22 -24 25 -26 -27 -28 -29 -30 -31 -32 -33
leaf_value=-0.10007478617242654 -0.1000749473376441 -0.10007494731128636 3843504.8683006251 -19.190963876898088 -160.46354182768428 3721762.2709654556 -0.10007494731481746 -2844.1848020142193 -0.10007494728390667 8099580.2005034015 -0.10007494736037799 8556049.3728618454 1021733.1188218878 14961.414017714611 459999.73245960986 -284.15336298376485 26491.27007745497 -445.55414996784566 -9.6455194120361174 -461.29383745255967 -1.1767158897402019 -0.1000749473072409 -121.58754995289684 -0.10007494730920163 -0.10007494731124107 -16.804602760585571 -6.4637045904613819 -0.10007494731127116 -0.10007494731122837 -0.10007494731130057 -0.10007494730444676 -0.10007494731106048
leaf_weight=0.046394606848536024 0.15115662221794932 0.0067347009899094692 0.0022450104105459787 0.0052381007699295679 0.0037415005529130825 0.001496600225906591 0.82687162153891269 0.0016173920308638476 0.022449003302661575 0.0014966385137719432 0.78047701471948894 0.0011868816128258177 0.002244924265812325 0.036356355032575588 0.0011861876452667194 0.021826888588576135 0.0082313012128526937 0.00673470098990847 0.010476201539859176 0.16088682465425463 14.860603370092575 0.011224501649849117 0.0082313012098893523 0.032176904729567468 0.0059864008828828695 0.011972801759839058 0.015714302309788764 288.92465887191929 5.1580326581606641 0.1601362235378474 0.017210902888899982 0.11224501685762248
leaf_count=62 202 9 206 8 46 96 1105 57 35 242 1043 576 77 264 93 850 27 39 15 7461 34321 15 26 47 14 26 22 386142 6893 214 24 151
internal_value=0 38404.9 960911 15437.6 91880.4 827043 82.7629 11900.8 365020 3.89127e+06 43.2494 2254.76 326546 73512 90.3879 23440.8 7107.34 -0.406971 -180.218 -0.396791 -6.10477 -3.43265 -51.4986 -14.9485 -61.7783 -4.63012 -0.199803 -0.100075 -0.100075 -0.100075 -0.100075 -0.100075
internal_weight=0 0.36966 0.00897971 0.360681 0.0606123 0.0067347 311.048 1.03652 0.0337943 0.00311403 310.011 6.00131 0.0397882 0.0386013 5.96152 0.0230131 0.0306803 304.01 0.0172109 303.993 15.0215 0.300068 0.0194558 0.0538776 0.0097279 0.0441497 1.00272 288.971 5.93851 0.987008 0.280613 0.263402
internal_count=440408 870 215 655 237 104 439538 1702 361 299 437836 9796 917 341 8879 943 62 428040 54 427986 41782 418 41 133 60 73 1341 386204 7936 1319 377 353
is_linear=0
shrinkage=0.1


Tree=3
num_leaves=34
num_cat=0
split_feature=61 52 68 52 53 65 69 70 37 57 52 27 37 37 28 1 28 33 57 38 28 19 1 33 0 71 30 52 71 32 33 0 31
split_gain=3.96904e+08 1.88929e+10 7.33612e+10 2.17324e+09 5.75809e+09 9.84618e+09 7.97199e+08 1.84844e+09 7.82566e+08 1.90269e+10 3.22434e+10 9.52389e+07 7.78122e+08 995191 158556 93173.1 87942.2 221239 61237 4.03903e+06 1.7484e+07 592402 4.51003e+06 73440.4 21121.2 19258.4 10996.5 7236.36 175.816 64.1754 60.6829 1419.95 1.13687e-13
threshold=1.0000000180025095e-35 0.73814532160758983 1.0000000180025095e-35 0.79398387670516979 0.68398562073707592 18.500000000000004 2.5000000000000004 1.0000000180025095e-35 51.500000000000007 3.5000000000000004 1.0535739660263064 1.0000000180025095e-35 90.500000000000014 62.500000000000007 3.5000000000000004 21.500000000000004 27.500000000000004 239.50000000000003 2.5000000000000004 0.34615385532379156 8.5000000000000018 1.0000000180025095e-35 9.5000000000000018 357.50000000000006 12747.500000000002 13.500000000000002 2137.0000000000005 0.75696173310279857 9.5000000000000018 42.500000000000007 2372.5000000000005 21382.500000000004 43.500000000000007
decision_type=2 2 2 2 2 2 2 2 2 2 2 2 2 2 2 2 2 2 2 2 2 2 2 2 2 2 2 2 2 2 2 2 2
left_child=16 2 -2 4 6 -6 7 -3 9 24 -11 13 -13 -10 28 -8 18 26 29 21 25 23 -23 -20 -5 -21 -18 -28 -4 30 32 -32 -1
right_child=1 3 14 8 5 -7 15 -9 11 10 -12 12 -14 -15 -16 -17 17 -19 19 20 -22 22 -24 -25 -26 -27 27 -29 -30 -31 31 -33 -34
leaf_value=-0.1000678064874766 653756.60933430027 -627.74376489684414 -0.10005881888515121 -157.62632903703741 -886.18526254768824 404726.23793609912 -0.10005238038392242 134346.07545684473 -1404.0789479157029 694544.44774563052 -11390.040272656277 -1661.5098542220517 80212.191147410907 -9.1845073320337374 -1033.8661379359864 -620.35972140177432 -0.10006780649429421 -945.25763518977863 -0.17903666501454199 -466.3564468553659 -12682.275002918912 -6900.6952282928578 -87.237741982738527 -51.516718732956569 -0.10006739021836263 -0.1000134178658688 -59.172415767949545 -265.92563363304293 -33.773120838852741 -6.5209751936108935 -49.327024273047442 -0.48870167465663572 -0.10006780649390792
leaf_weight=266.92085437667782 0.0021654537335883102 0.0027085430920128347 0.0032447287230752409 0.010157036595047061 0.0013542715837269494 0.0010723712638266254 0.0085070572968106717 0.0016223643615376204 0.0051282822036901035 0.001079274997997994 0.0016154606273630634 0.0081256292760404358 0.0013542715460062036 1.9373684675594804 0.0020314073567300507 0.0033856788650155076 0.010834172368048622 0.0033856788650155059 2.5309010336204869 0.001072371262125559 0.0013404640776570886 0.0010723712621255608 0.01032847713213414 0.31312780478979485 0.05254159374453593 0.0050937634950969368 0.0033856788650155059 0.0033856788650155067 0.0029697321733692661 0.015574122779070332 0.0060942219778301046 0.25731159374464746 0.20923495496617661
leaf_count=394236 151 38 15 35 61 90 28 16 178 236 211 181 14 14103 49 40 23 46 22299 28 979 154 369 5268 125 109 15 26 25 39 18 389 318
internal_value=0 1397.64 135764 710.556 34689.7 178360 13200.3 49933.6 396.423 11157.1 271345 35.9297 10034.7 -12.8671 -266.9 -176.678 -0.273583 -204.948 -0.257686 -14.8052 -2331.38 -8.71518 -728.116 -5.83132 -25.619 -81.1881 -62.5804 -162.549 -16.1916 -0.101938 -0.101564 -1.61864 -0.100068
internal_weight=0 2.04643 0.0104113 2.03602 0.0186503 0.00242664 0.0162236 0.00433091 2.01737 0.0653934 0.00269474 1.95198 0.0094799 1.9425 0.00824587 0.0118927 270.293 0.0209912 270.272 2.86294 0.0075066 2.85543 0.0114008 2.84403 0.0626986 0.00616613 0.0176055 0.00677136 0.00621446 267.409 267.393 0.263406 267.13
internal_count=439912 15596 240 15356 273 151 122 54 15083 607 447 14476 195 14281 89 68 424316 110 424206 29206 1116 28090 523 27567 160 137 64 41 40 395000 394961 407 394554
is_linear=0
shrinkage=0.1


Tree=4
num_leaves=27
num_cat=0
split_feature=61 1 33 57 35 28 32 71 57 29 72 34 59 59 55 35 71 31 33 66 14 31 52 33 0 30
split_gain=2.62279e+07 2.6039e+09 1.02872e+08 1.58579e+07 4.69517e+07 108794 389211 744693 69898.6 7.10812e+06 2.31877e+07 1.1099e+06 1.98973e+06 196473 5784.31 4574.83 7777.65 4128.64 7771.55 1099.28 278.981 77.6203 155.172 55.7758 2356.68 8.52651e-14
threshold=1.0000000180025095e-35 26.500000000000004 1114.5000000000002 2.5000000000000004 12.500000000000002 26.500000000000004 6.5000000000000009 8.5000000000000018 2.5000000000000004 5.5000000000000009 7.5000000000000009 79.500000000000014 48.649999618530281 86.250000000000014 0.96742755174636852 1.5000000000000002 10.500000000000002 3.5000000000000004 186.50000000000003 15.500000000000002 1.0000000180025095e-35 55.500000000000007 0.95216044783592235 2372.5000000000005 26481.500000000004 100.50000000000001
decision_type=2 2 2 2 2 2 2 2 2 2 2 2 2 2 2 2 2 2 2 2 2 2 2 2 2 2
left_child=5 2 3 15 -5 8 17 -8 21 11 -11 12 -10 -13 -6 20 -17 -7 -19 -12 -2 23 -23 25 -25 -1
right_child=1 -3 -4 4 14 6 7 -9 9 10 19 13 -14 -15 -16 16 -18 18 -20 -21 -22 22 -24 24 -26 -27
leaf_value=-0.10006134868506543 -0.10006134634397557 141514.03890717131 -29768.926794712286 -25224.328472156092 -298.14345111335257 -0.10006134868500738 -0.10006134868495298 -3182.5507379058081 -0.10001120492511147 -16672.49081952991 -0.10001213542650647 -300.45709315454627 -5551.7982318169679 -4.4604245482109377 -0.10001196588330906 -324.51096790189717 -0.10006113488425213 -272.10439267842747 -0.10006134868496655 -110.0278636127818 -18.233661425923213 -23.382205869797083 -0.10006131306977856 -120.41153717567077 -0.72666004402087536 -0.10006134866373986
leaf_weight=145.34695020353604 0.036765498463530832 0.001309822810792719 0.0012261148323666751 0.0010069683613824804 0.0010065646825943024 0.010416500794234618 0.0018382060225121668 0.0012254706816747785 0.0017932450864418517 0.0010916250830631516 0.0018193751384387724 0.022639719216414611 0.0010087003611261025 2.3624281292287366 0.0018442472641391223 0.0012330041668064942 0.0018446356593813107 0.0018382060225121686 0.0024509413633495569 0.0018193751384387724 0.011029249522835016 0.00429513696826589 0.0085832860308983072 0.0016623515402925384 0.15958674612178553 95.893726877036244
leaf_count=237230 104 6524 648 3505 2692 31 3 55 19 1058 52 1133 95 26677 1856 119 95 35 9 135 23 24 25 22 392 156545
internal_value=0 2140.06 -1122.4 -480.639 -6661.96 -0.288315 -247.718 -1273.08 -0.270282 -17.2785 -3889.85 -9.60688 -1998.71 -7.27011 -105.333 -11.8943 -130.07 -34.1006 -116.673 -55.0639 -4.28462 -0.101718 -7.86499 -0.101304 -1.96052 -0.100061
internal_weight=0 0.0572661 0.0559563 0.0547302 0.00385778 243.825 0.0177693 0.00306368 243.807 2.3926 0.00473038 2.38787 0.00280195 2.38507 0.00285081 0.0508724 0.00307764 0.0147056 0.00428915 0.00363875 0.0477947 241.415 0.0128784 241.402 0.161249 241.241
internal_count=439106 15566 9042 8394 8053 423540 133 58 423407 29169 1245 27924 114 27810 4548 341 214 75 44 187 127 394238 49 394189 414 393775
is_linear=0
shrinkage=0.1


Tree=5
num_leaves=23
num_cat=0
split_feature=58 36 59 57 37 1 59 33 57 1 33 58 30 59 59 29 33 28 3 40 0 0
split_gain=2.86232e+09 1.50764e+10 5.87437e+08 3.71713e+07 1.82727e+08 1.50953e+07 1.55137e+06 4.27277e+08 5.2722e+06 1.06054e+07 744520 1.71607e+07 3.70215e+07 283804 224378 8.59115e+07 119793 109564 9761.29 5519.09 1.11022e-16 1.73472e-18
threshold=8.5000000000000018 18.500000000000004 701.10000610351574 5.5000000000000009 306.50000000000006 27.500000000000004 302.84999084472662 1649.5000000000002 2.5000000000000004 5.5000000000000009 2372.5000000000005 1.5000000000000002 140.50000000000003 1042.4500122070315 142.05000305175784 5.5000000000000009 357.50000000000006 26.500000000000004 18.500000000000004 1.0000000180025095e-35 95205.500000000015 39515.500000000007
decision_type=2 2 2 2 2 2 2 2 2 2 2 2 2 2 2 2 2 2 2 2 2 2
left_child=3 2 -2 6 -5 16 10 8 20 -10 14 -12 -13 -4 17 -16 19 -1 21 -6 -8 -15
right_child=1 -3 13 4 5 -7 7 -9 9 -11 11 12 -14 18 15 -17 -18 -19 -20 -21 -22 -23
leaf_value=-0.30220189328671959 -64124.693012573691 -411004.98651718698 -1780.563577178963 -46389.389848666433 -0.10000012283764377 -11295.178573573869 -0.10005551409075437 39328.220117044359 -589.19863043877501 -12161.708898023327 -0.10002010885855968 -226.2061523847332 -23368.252736922572 -0.10000012284513562 -11.013825974509244 8599.4164313589044 -907.94751190666761 -281.45663783672677 -304.87013596046751 -227.74631179211715 -0.10005551419834249 -0.10000012284468028
leaf_weight=215.68528770918684 0.00177467013299204 0.0010535154549380374 0.0011233029564721164 0.0010066978854909045 0.0055508158799213447 0.0014342529708528682 0.53948716797641794 0.002772282750811427 0.0030555155392173452 0.0010689375155150671 0.074180771234977239 0.0022113509039627379 0.0010056421782564939 0.0024850393344983956 2.4189623540687952 0.011643587611658623 0.0020928625542122603 0.01386141375405614 0.0013124645526711998 0.0013178337825898723 0.024396088358339507 0.0027881774103661883
leaf_count=394806 5226 7910 1263 2156 4862 1723 991 16 1287 2215 393 36 332 2054 8511 323 594 129 1081 1264 45 2499
internal_value=0 -52120.4 -12252.8 0.0432716 -5709.39 -1770.05 0.340841 164.988 -26.156 -3588.45 -0.0898394 -310.186 -7460.48 -311.425 0.0201905 30.2336 -245.594 -0.32027 -60.8378 -43.7767 -0.100056 -0.1
internal_weight=0 0.0105372 0.00948365 218.789 0.0114025 0.0103958 218.778 0.57078 0.568008 0.00412445 218.207 0.0773978 0.00321699 0.00770898 218.13 2.43061 0.00896151 215.699 0.00658568 0.00686865 0.563883 0.00527322
internal_count=439716 20033 12123 419683 10599 8443 409084 4554 4538 3502 404530 761 368 6897 403769 8834 6720 394935 5634 6126 1036 4553
is_linear=0
shrinkage=0.1


Tree=6
num_leaves=24
num_cat=0
split_feature=57 59 59 58 29 59 59 59 1 28 59 59 31 38 34 60 34 51 72 3 34 39 1
split_gain=2.82348e+08 1.70901e+09 1.11809e+07 5.29352e+09 9.67186e+06 9.45121e+06 496824 324067 908483 214802 787907 125486 1.00981e+06 4.11107e+06 979579 34700.8 104927 23688.9 8964.97 7444.04 1200.85 1192.37 8.67362e-19
threshold=6.5000000000000009 701.10000610351574 142.05000305175784 3.5000000000000004 3.5000000000000004 422.85000610351568 1054.7500000000002 308.34999084472662 10.500000000000002 25.500000000000004 98.850002288818374 133.84999847412112 25.500000000000004 1.0000000180025095e-35 101.50000000000001 1.0000000180025095e-35 79.500000000000014 1522.5000000000002 1.5000000000000002 16.500000000000004 421.50000000000006 6.5000000000000009 9.5000000000000018
decision_type=2 2 2 2 2 2 2 2 2 2 2 2 2 2 2 2 2 2 2 2 2 2 2
left_child=2 -2 9 4 7 -6 -3 8 -4 11 18 15 14 -14 -13 21 -17 -9 -11 22 -20 -1 -8
right_child=1 6 3 -5 5 -7 19 17 -10 10 -12 12 13 -15 -16 16 -18 -19 20 -21 -22 -23 -24
leaf_value=-0.12902484408823292 -131434.33048590933 -2412.390182881943 -188.12957062837359 205058.7890852665 -13815.683892039193 -99.757587563751798 -0.10000011636978182 -0.92880176227201261 -2813.6453426742992 -305.00284416494281 -2845.8595369318718 -1064.4880083322591 -40.753748116933409 -6504.6931745166075 -5.7789570764190916 -95.484559740086539 -6.5239287979415996 -219.34663237210339 -0.10004103263376268 -296.28206691178428 -97.668938034925077 -24.008510702674947 -0.1000001163704054
leaf_weight=155.25903214918554 0.001152667759684145 0.0010363595631481815 0.0095729648567653945 0.001261528686012924 0.0010061102128584012 0.0010034363949671388 0.0024103154963714957 0.48265370414552888 0.0015283208728617591 0.0016398668522005222 0.001229900139151141 0.0090192676870956001 0.0049196005566045633 0.001229900139151141 0.2817439074115502 0.13733884887733294 3.8294566899036804 0.005017181974835693 0.0032797337044030428 0.0010128904941666406 0.0020498335652519017 0.02091309091315352 0.0028206186677834921
leaf_count=382236 14736 3491 3454 8518 331 5 2360 1989 2689 26 92 134 16 96 1026 493 11528 33 34 2276 14 65 4034
internal_value=0 -18297.6 0.967022 472.145 -43.2326 -6966.85 -384.706 -15.3375 -549.586 -0.51558 -512.337 -0.489276 -65.4391 -1333.54 -38.6194 -0.368178 -9.60393 -3.1759 -100.539 -48.1475 -37.6265 -0.132241 -0.1
internal_weight=0 0.00843285 160.054 0.502043 0.500782 0.00200955 0.00728018 0.498772 0.0111013 159.552 0.00819933 159.544 0.296913 0.0061495 0.290763 159.247 3.9668 0.487671 0.00696943 0.00624382 0.00532957 155.28 0.00523093
internal_count=439676 26897 412779 17019 8501 336 12161 8165 6143 395760 166 395594 1272 112 1160 394322 12021 2022 74 8670 48 382301 6394
is_linear=0
shrinkage=0.1


Tree=7
num_leaves=25
num_cat=0
split_feature=49 66 60 57 57 52 59 59 39 35 42 59 1 61 1 71 33 57 0 59 39 69 28 33
split_gain=6.42052e+08 3.76614e+09 4.28384e+08 5.94947e+09 3.05581e+10 3.23582e+09 1.33756e+07 8.19682e+08 8.38537e+06 1.22816e+07 959754 778059 258959 52083 437594 14618.7 20079.3 3404.59 2194.98 932.19 707.013 22430.3 178.995 1.22298e-16
threshold=55.500000000000007 19.500000000000004 1.0000000180025095e-35 2.5000000000000004 8.5000000000000018 0.93361249566078197 133.84999847412112 309.39999389648443 3.5000000000000004 3.5000000000000004 1.0000000180025095e-35 81.250000000000014 13.500000000000002 1.0000000180025095e-35 16.500000000000004 7.5000000000000009 105.50000000000001 1.5000000000000002 78701.500000000015 48.250000000000007 2.5000000000000004 39.000000000000007 22.500000000000004 631.50000000000011
decision_type=2 2 2 2 2 2 2 2 2 2 2 2 2 2 2 2 2 2 2 2 2 2 2 2
left_child=2 11 6 15 -5 -6 13 -8 10 -10 -9 23 -7 20 17 16 -4 -15 19 -17 22 -22 -1 -2
right_child=1 -3 3 4 5 12 7 8 9 -11 -12 -13 -14 14 -16 18 -18 -19 -20 -21 21 -23 -24 -25
leaf_value=-0.10003605859377927 -0.10003606487023819 201862.62039539253 -0.10001863481767802 -462159.63557538541 216892.89808391893 -0.10000010717788846 -88304.834068030948 -53.656407052290525 -840.52426335967505 -9901.6213895707315 -1246.7214563851421 -2953.509543918995 -2205.2825220160871 -0.10003606162493739 -2125.8930351237154 -98.069317419195784 -599.23085498797968 -138.80844309598771 -119.07009173999138 -1.7185248273467248 -1.782831312801572 -230.48704710777963 -9.0512381310481391 -0.10003603375239907
leaf_weight=136.11186982821039 0.0025226383587001922 0.0010817175494253206 0.0012671817382800352 0.0016604655772043389 0.0010003017579265361 0.0010427425662067336 0.0010667604744190587 0.12136740991181322 0.0047595009673386804 0.0021814829452395657 0.0071392964528786953 0.001083493498412167 0.0010883452848702291 0.0097315872473114906 0.0010819491836642223 0.0010207277410111534 0.0010014506961819923 0.0021628105058475464 0.0016810949440180236 0.061785396607024562 0.35654960101406419 0.0043405224727035554 0.02234336780384083 0.0025244144240995415
leaf_count=380312 16 110 185 16950 1470 5511 6268 1030 89 538 338 273 13515 91 125 1803 714 57 1198 7473 1624 84 86 29
internal_value=0 29832.2 -5.17216 -7740.97 -115371 68518.5 -1.12166 -990.471 -302.8 -3688.34 -119.938 -522.076 -1126.29 -0.132269 -200.465 -15.08 -264.577 -25.322 -6.3028 -3.28442 -0.113223 -4.53352 -0.101505 -0.100036
internal_weight=0 0.00721226 136.716 0.0715477 0.00479186 0.00313139 136.645 0.136514 0.135448 0.00694098 0.128507 0.00613055 0.00213109 136.508 0.0129763 0.0667559 0.00226863 0.0118944 0.0644872 0.0628061 136.495 0.36089 136.134 0.00504705
internal_count=439889 428 439461 48819 37446 20496 390642 8263 1995 627 1368 318 19026 382379 273 11373 899 148 10474 9276 382106 1708 380398 45
is_linear=0
shrinkage=0.1


Tree=8
num_leaves=25
num_cat=0
split_feature=61 59 59 39 59 0 59 59 28 57 65 59 31 66 34 10 30 39 32 0 34 65 0 53
split_gain=7.19271e+09 5.13979e+10 5.25039e+08 1.47284e+09 4.36837e+08 6.49169e+06 524684 324792 38809.3 303095 740589 21104.2 9334.94 29897.6 8042.73 1299.99 59615.9 588.304 1.51788e-16 1.38778e-17 5.89806e-17 2.60209e-18 1.73472e-18 4.33681e-19
threshold=1.0000000180025095e-35 72.850002288818374 142.05000305175784 4.5000000000000009 335.69999694824224 36849.500000000007 388.55000305175787 66.149997711181655 21.500000000000004 1.5000000000000002 37.500000000000007 71.149997711181655 53.500000000000007 8.5000000000000018 1191.5000000000002 1.0000000180025095e-35 203.50000000000003 2.5000000000000004 41.500000000000007 35807.500000000007 316.50000000000006 30.500000000000004 34663.500000000007 0.59946525096893322
decision_type=2 2 2 2 2 2 2 2 2 2 2 2 2 2 2 2 2 2 2 2 2 2 2 2
left_child=2 7 8 4 -4 6 -6 -2 12 19 -11 21 15 18 -12 17 -17 -1 -14 22 -21 23 -10 -9
right_child=1 -3 3 -5 5 -7 -8 11 9 10 14 -13 13 -15 -16 16 -18 -19 -20 20 -22 -23 -24 -25
leaf_value=-0.10085695179539289 -1711.9267037026666 759798.39616220864 -65974.924817054329 -128669.46509467356 -2892.3732221154232 -8283.2931270477093 -600.80772265227722 -0.10003262980807162 -0.10003262936650836 -3256.9259573674262 -316.73991907203009 -460.06503943015599 -0.10003262981938464 -490.59766443200692 -0.10003262981972048 -377.51915619713668 -1.9979280365046888 -9.911718182607542 -0.10003259449673899 -0.1000326128590964 -0.10003262828131142 -0.10003262518081671 -0.10003262915173082 -0.1000326298080563
leaf_weight=121.31071152330065 0.0016356796205773674 0.0010149188145603559 0.0012095522833978087 0.0011502349443617286 0.0011755459272535518 0.0014245713973650717 0.0066588124027475715 0.001630466285860166 0.0091307347906476322 0.0010132564855140904 0.0015790808872075957 0.0013044470582031908 0.0032609314076180464 0.0016309966615798968 0.0016304657037835568 0.0042393188370345438 1.5280083303018597 0.061151406834269006 0.0019586826754221785 0.00326262733225846 0.014348774723714541 0.0013045580718795691 0.0061958965238311245 0.0013043730286881328
leaf_count=382637 176 15343 9594 15183 350 2110 1964 6 33 668 175 38 23 65 7 51 7977 2333 42 54 64 18 22 56
internal_value=0 93689.5 -2.18852 -21258.9 -9457.06 -2073.77 -944.657 -473.669 -0.179741 -102.358 -899.976 -108.328 -0.148848 -116.878 -155.885 -0.142342 -3.03689 -0.1058 -0.100033 -0.100033 -0.100033 -0.100033 -0.100033 -0.100033
internal_weight=0 0.00819444 122.96 0.0116187 0.0104685 0.00925893 0.00783436 0.00717952 122.948 0.0371608 0.0042228 0.00554384 122.911 0.00685061 0.00320955 122.904 1.53225 121.372 0.00521961 0.032938 0.0176114 0.0042394 0.0153266 0.00293484
internal_count=438989 15637 423352 29201 14018 4424 2314 294 394151 1023 850 118 393128 130 182 392998 8028 384970 65 173 118 80 55 62
is_linear=0
shrinkage=0.1


Tree=9
num_leaves=24
num_cat=0
split_feature=3 4 46 35 35 40 63 54 39 35 53 35 3 10 33 30 39 3 3 63 63 52 70
split_gain=8.85929e+08 7.46962e+09 3.82068e+08 1.05594e+10 8.04912e+08 9.2598e+07 6.95264e+07 2.45408e+08 6.57053e+07 9.63327e+08 7.7343e+08 2.10826e+09 1.52152e+08 4.48407e+06 4.08899e+08 2.02596e+07 1.72899e+06 1.13365e+06 325156 410294 161873 23659.3 4102.5
threshold=14.500000000000002 68.108299255371108 1.0000000180025095e-35 12.500000000000002 10.500000000000002 2.5000000000000004 1.0000000180025095e-35 0.12516327202320102 1.5000000000000002 34.500000000000007 0.97937926650047313 4.5000000000000009 10.500000000000002 1.0000000180025095e-35 1061.5000000000002 418.50000000000006 1.5000000000000002 15.500000000000002 11.500000000000002 1.0000000180025095e-35 1.0000000180025095e-35 1.4452106356620791 4.5000000000000009
decision_type=2 2 2 2 2 2 2 2 2 2 2 2 2 2 2 2 2 2 2 2 2 2 2
left_child=2 -2 8 4 6 17 16 -8 13 10 12 -12 -10 18 15 -15 -4 21 20 -20 -1 22 -3
right_child=1 5 3 -5 -6 -7 7 -9 9 -11 11 -13 -14 14 -16 -17 -18 -19 19 -21 -22 -23 -24
leaf_value=-0.4349654218683438 -265981.52471570997 -0.1000294948049385 -47.816043005862753 -271828.80484043568 -63990.233095734846 -29845.566502002745 -508.8729993721243 -52234.123160060815 -380.10794432640694 -91393.34394765849 -7036.1278597119053 -156510.21152713729 -23158.333661788642 -10406.469813550581 -56732.472353177254 -45.56215159616977 -1295.1109612160744 -3051.2981527066149 -339.24967361542548 -2374.3738929542606 -67.060526662812421 -508.83087794827827 -169.67229924031344
leaf_weight=108.97606500100791 0.0011794056685342303 0.007370979554593822 0.07754210227894355 0.0014744579689568845 0.0020643807673157424 0.0011794086057389319 0.0041275777691392153 0.0011793079741526259 0.51525242592894538 0.0011795182595382139 0.0047185714441574161 0.0011794765094306423 0.002949275021766228 0.0019026807967772999 0.0012832179756632747 0.23316102262551119 0.012972863453869679 0.0014748304824077985 0.0061919569617562278 0.0011793079320341349 0.36588736697647917 0.0011794055772753618 0.0017691571885336543
leaf_count=383076 5555 95 453 6321 1968 1593 99 1319 13018 1281 2210 5849 1767 326 1119 9053 592 730 110 82 3411 38 28
internal_value=0 -25033.3 -12.5843 -6210.81 -2209.81 -3129.49 -878.814 -12003.4 -6.99126 -1122.74 -919.581 -36927.6 -509.747 -1.64311 -436.746 -129.427 -226.582 -457.945 -0.702685 -664.843 -0.657912 -87.3132 -32.9223
internal_weight=0 0.0141532 110.21 0.0993607 0.0978862 0.0129738 0.0958219 0.00530689 110.111 0.525279 0.5241 0.00589805 0.518202 109.586 0.236347 0.235064 0.090515 0.0117944 109.349 0.00737126 109.342 0.0103195 0.00914014
internal_count=440093 8039 432054 10752 4431 2484 2463 1418 421302 24125 22844 8059 14785 397177 10498 9379 1045 891 386679 192 386487 161 123
is_linear=0
shrinkage=0.1


Tree=10
num_leaves=21
num_cat=0
split_feature=39 4 59 58 52 28 41 30 70 67 33 59 59 19 1 65 27 58 55 35
split_gain=3.52367e+10 1.07761e+11 8.39622e+07 1.31939e+09 4.92609e+07 357036 1.48919e+06 219654 272885 181780 139976 2.69715e+06 75277.2 2.19568e+06 52061.7 19669.6 10730.7 5591.55 4.33681e-18 8.67362e-19
threshold=1.5000000000000002 75.752948760986342 132.25000000000003 1.5000000000000002 1.1924674510955813 20.500000000000004 1.0000000180025095e-35 125.50000000000001 2.5000000000000004 3.5000000000000004 2372.5000000000005 84.549999237060561 111.54999923706056 1.0000000180025095e-35 65.500000000000014 19.500000000000004 0.11538461968302728 1.0000000180025095e-35 0.91518655419349682 7.5000000000000009
decision_type=2 2 2 2 2 2 2 2 2 2 2 2 2 2 2 2 2 2 2 2
left_child=2 -2 5 7 14 10 -7 9 -9 15 12 17 16 -14 -3 -4 -1 -12 -8 -20
right_child=1 4 3 -5 -6 6 18 8 -10 -11 11 -13 13 -15 -16 -17 -18 -19 19 -21
leaf_value=-0.17455408709774739 -1157515.6886718457 -0.10002669525605751 -305.70632973021998 -85674.378287987071 -26238.918316646312 -4014.6768475895133 -0.10001910473614495 -2181.9876919412131 -0.10001906765115831 -1309.5369158440981 -0.10000846414446618 -4576.5464401278405 -21.947494824768384 -2560.2395051361354 -937.21024391364085 -0.10001909683160611 -19.490165665298214 -196.9364141271152 -0.10001909736326593 -0.10001909982153377
leaf_weight=69.765891447389563 0.001067113058446686 0.0013338879216462374 0.0022905286168669594 0.0019118923825160996 0.0010671212281955912 0.001145824378638304 0.0015276484773494303 0.0011457968396371134 0.0011470510718964988 0.0011455305740355462 0.027179931385034162 0.0013547629350796333 0.39821534110807633 0.0034373127120446148 0.0010671103373169899 0.026150930577749421 0.28880648117889407 0.0015241083019645876 0.0020996512321289629 0.0011454216582933441
leaf_count=375465 39170 7 432 5754 2385 1268 67 441 236 229 342 117 4802 1452 196 1618 5877 45 35 26
internal_value=0 -278751 -3.04786 -4986.53 -8361.98 -0.658945 -777.318 -147.529 -1090.45 -74.457 -0.593731 -216.343 -0.501686 -43.67 -416.593 -24.712 -0.254184 -10.5515 -0.100019 -0.100019
internal_weight=0 0.00453523 70.5261 0.0337917 0.00346812 70.4923 0.00591855 0.0318798 0.00229285 0.029587 70.4864 0.0300588 70.4564 0.401653 0.002401 0.0284415 70.0547 0.028704 0.00477272 0.00324507
internal_count=439964 41758 398206 8710 2588 389496 1396 2956 677 2279 388100 504 387596 6254 203 2050 381342 387 128 61
is_linear=0
shrinkage=0.1


Tree=11
num_leaves=18
num_cat=0
split_feature=31 72 59 52 53 30 33 29 29 51 38 35 33 30 58 31 0
split_gain=1.3473e+09 2.87278e+09 3.63927e+07 6.26188e+08 3.18842e+08 1.51883e+08 3.5769e+06 941857 97850.1 270597 29283.4 369740 6853.1 52533.1 4711.82 1.14124e-13 3.04774e-14
threshold=51.500000000000007 4.5000000000000009 111.54999923706056 1.1278917789459231 0.71480709314346325 120.50000000000001 555.50000000000011 2.5000000000000004 17.500000000000004 949.50000000000011 0.57692310214042675 2.5000000000000004 2372.5000000000005 254.50000000000003 1.5000000000000002 30.500000000000004 126224.00000000001
decision_type=2 2 2 2 2 2 2 2 2 2 2 2 2 2 2 2 2
left_child=2 7 8 4 5 6 -4 -2 10 16 12 -12 14 -14 -1 -13 -10
right_child=1 -3 3 -5 -6 -7 -8 -9 9 -11 11 15 13 -15 -16 -17 -18
leaf_value=-0.11914103687038385 -0.10001604424102478 193842.23898992306 -146.25162353006442 -69225.299069148357 54302.716932205498 -39812.17906135034 -5428.0862888043021 -4095.3599244850652 -0.10001628093731317 -1755.0569795328429 -1663.0670754310909 -0.10001612472560957 -17.387654336384571 -652.70866955186284 -6.7165711211770871 -0.10001678404699342 -0.10001689024697168
leaf_weight=57.516346877006356 0.0011231244386916491 0.001122863293858245 0.017789746323814769 0.00138244456224985 0.0010373167875466762 0.0010373736059909001 0.001381727886700961 0.0011232498309816847 0.001788406079865891 0.0011966105408670246 0.0014432035718555036 0.014983990372446084 0.023137909258365563 0.0013790806842735029 1.1032931674607613 0.0031829624349484211 0.0015175469859158852
leaf_count=368212 21 51 4363 29155 13287 4842 1631 161 122 1001 3597 966 351 53 12324 24 34
internal_value=0 63236.3 -1.88855 -4011.43 231.905 -2543.54 -526.924 -2047.84 -0.342055 -466.501 -0.306276 -122.486 -0.26542 -53.1245 -0.243313 -0.100016 -0.100017
internal_weight=0 0.00336924 58.6909 0.0226286 0.0212462 0.0202088 0.0191715 0.00224637 58.6683 0.00450256 58.6638 0.0196102 58.6442 0.024517 58.6196 0.018167 0.00330595
internal_count=440195 233 439962 53278 24123 10836 5994 182 386684 1157 385527 4587 380940 404 380536 990 156
is_linear=0
shrinkage=0.1


Tree=12
num_leaves=19
num_cat=0
split_feature=31 34 38 31 3 52 54 27 31 33 58 51 31 3 44 58 28 35
split_gain=1.60535e+09 2.98711e+09 1.60511e+08 2.28841e+09 1.28215e+08 9.22474e+08 5.37428e+07 5.01188e+06 7.40803e+07 7.8954e+07 2.26105e+06 1.16471e+06 4.48842e+07 740824 155600 150993 3.13955e-13 1.04083e-17
threshold=49.500000000000007 524.50000000000011 0.65384617447853099 12.500000000000002 9.5000000000000018 1.1581313610076907 0.021786594763398174 1.0000000180025095e-35 7.5000000000000009 334.50000000000006 1.0000000180025095e-35 2230.5000000000005 8.5000000000000018 7.5000000000000009 1.0000000180025095e-35 1.0000000180025095e-35 20.500000000000004 8.5000000000000018
decision_type=2 2 2 2 2 2 2 2 2 2 2 2 2 2 2 2 2 2
left_child=2 -2 4 -4 7 -6 15 11 10 -10 -9 13 -13 -1 -5 -7 17 -16
right_child=1 -3 3 14 5 6 -8 8 9 -11 -12 12 -14 -15 16 -17 -18 -19
leaf_value=-2.3423731199069939 213139.63137354079 -3551.700585920662 -155297.11329453124 -1206.4909883478033 94854.115914521171 -0.10001423354394701 -28188.55985707511 -0.10001423353787811 -0.10001423294766863 -37241.786235303502 -2566.0856295642511 -0.10001422864121952 -20114.118978204635 -731.07486907904558 -0.10001451487104328 -1544.9275602306382 -0.10001563581666834 -0.10001450862315356
leaf_weight=50.928511343775128 0.0010104096775527846 0.0017175354820946859 0.0010154734895995434 0.0011604861362247429 0.0011388974393490769 0.0011385091347619891 0.0010004093929620386 0.047390443254001255 0.0011385564496723998 0.0011385091359256017 0.0037022810818613172 0.043420597920835052 0.0011385094167903056 0.013953968364687763 0.0068178559158695862 0.0014241071799148131 0.003282595414786372 0.0034814573591575027
leaf_count=412804 66 240 8088 546 1142 12 10608 1276 22 517 1230 1232 591 1264 57 301 34 30
internal_value=0 76709.1 -5.5968 -10096.6 -2.48165 16510 -8532.17 -4.00281 -972.56 -18620.6 -186.036 -2.98898 -514.024 -2.54198 -95.0642 -858.598 -0.100015 -0.100015
internal_weight=0 0.00272795 51.0609 0.0157579 51.0451 0.00470192 0.00356303 51.0404 0.0533698 0.00227707 0.0510927 50.987 0.0445591 50.9425 0.0147424 0.00256262 0.0135819 0.0102993
internal_count=440060 306 439754 8755 430999 12063 10921 418936 3045 539 2506 415891 1823 414068 667 313 121 87
is_linear=0
shrinkage=0.1


Tree=13
num_leaves=11
num_cat=0
split_feature=59 31 57 38 33 3 34 59 52 59
split_gain=1.10089e+09 2.46349e+06 1.3456e+06 5.81322e+06 200383 86220.6 61895.3 1185.29 2757.95 397.119
threshold=109.04999923706056 44.500000000000007 1.5000000000000002 1.0000000180025095e-35 296.50000000000006 9.5000000000000018 904.50000000000011 104.35000228881837 0.9036833941936494 68.049999237060561
decision_type=2 2 2 2 2 2 2 2 2 2
left_child=1 2 5 4 -4 7 -6 9 -9 -1
right_child=-2 -3 3 -5 6 -7 -8 8 -10 -11
leaf_value=-0.10000159913848093 -85526.221452969417 -4837.4636544783816 -1322.6991763000979 -7507.5171862338293 -36.859731983025277 -862.94910245303936 -849.08534623674643 -197.66323153544533 -0.10000136933529793 -4.6934416877110969
leaf_weight=4.7762735728703447 0.0015056309602438081 0.0010542932815721376 0.0016633913294892043 0.0012520950639234559 0.0081611044180235834 0.0011589512141653149 0.0010600889701972227 0.0010123341263040316 0.0023396650450365148 0.19593157616318357
leaf_count=351924 54318 276 3172 4458 5242 89 3002 200 334 16881
internal_value=0 -4.10809 -3.08666 -1054.75 -312.468 -0.521967 -130.235 -0.321082 -59.7659 -0.281008
internal_weight=0 4.98991 4.98885 0.0121367 0.0108846 4.97672 0.00922119 4.97556 0.003352 4.97221
internal_count=439896 385578 385302 15874 11416 369428 8244 369339 534 368805
is_linear=0
shrinkage=0.1


Tree=14
num_leaves=14
num_cat=0
split_feature=67 33 1 68 33 38 33 57 4 1 57 52 49
split_gain=2.04668e+09 2.67229e+09 9.87391e+07 4.2809e+07 1.02964e+09 1.96598e+07 3.40216e+08 2.78894e+07 1.19328e+07 1.12745e+06 113022 100195 955.355
threshold=18.000000000000004 387.50000000000006 57.500000000000007 2.5000000000000004 952.50000000000011 0.11538461968302728 952.50000000000011 1.0000000180025095e-35 33.535749435424812 49.500000000000007 1.0000000180025095e-35 0.94664484262466442 16.500000000000004
decision_type=2 2 2 2 2 2 2 2 2 2 2 2 2
left_child=2 -2 3 5 10 8 7 -7 9 -1 12 -12 -5
right_child=1 -3 -4 4 -6 6 -8 -9 -10 -11 11 -13 -14
leaf_value=-14.635511517885192 -230.30839185939428 216908.55487967093 -30992.652182290898 -0.1000016073078234 98941.394717832038 -0.10000390010197091 -49635.49154170102 -10646.428094303152 -10687.942831182147 -2848.6525568600136 -94.910721285277461 -1489.4703615000117 -99.839096840382069
leaf_weight=4.244777070558408 0.0013031671123119306 0.001002995695975617 0.0010292795447631722 0.022786548354164576 0.0010948816160407651 0.045327001583195997 0.0014566219336451794 0.002601836028262027 0.001047919601567914 0.0014042219414526205 0.0010547330506831534 0.0010071370023272685 0.0010026158688560818
leaf_count=406307 202 144 6798 1815 135 4357 1323 11108 6462 453 309 838 83
internal_value=0 94207.7 -23.7255 -16.353 3957.06 -41.272 -2024.99 -578.04 -18.2059 -15.5727 -65.8614 -776.095 -4.3036
internal_weight=0 0.00230616 4.32459 4.32356 0.0269459 4.29661 0.0493855 0.0479288 4.24723 4.24618 0.025851 0.00206187 0.0237892
internal_count=440334 346 439988 433190 3180 430010 16788 15465 413222 406760 3045 1147 1898
is_linear=0
shrinkage=0.1


Tree=15
num_leaves=9
num_cat=0
split_feature=70 67 1 30 68 33 28 53
split_gain=1.27807e+09 5.8847e+08 1.57796e+08 1.92581e+07 3.55199e+08 7.14048e+06 1.32732e+06 183017
threshold=1.0000000180025095e-35 8.5000000000000018 30.500000000000004 418.50000000000006 2.5000000000000004 645.50000000000011 20.500000000000004 0.8539126217365266
decision_type=2 2 2 2 2 2 2 2
left_child=-1 2 3 4 -2 -6 7 -5
right_child=1 -3 -4 6 5 -7 -8 -9
leaf_value=90696.676896677949 -57038.251312564142 58867.873367222739 -33035.470424233135 -46.036905388925845 -54.248721229006904 -8381.9780724940847 -3238.227446278041 -1275.3795162932288
leaf_weight=0.0015685060939456047 0.0011886780767093172 0.0016108797059720325 0.0016346116094062618 0.034830385372673113 0.016620891467027832 0.001097606040275422 0.0013896920645493074 0.0012546269119538605
leaf_count=62044 323627 1672 19229 25019 2307 273 1295 4938
internal_value=0 -750.943 -2406.31 -1518.32 -4120.23 -570.126 -205.572 -88.7795
internal_weight=0 0.0596274 0.0580165 0.0563819 0.0189072 0.0177185 0.0374747 0.036085
internal_count=440404 378360 376688 357459 326207 2580 31252 29957
is_linear=0
shrinkage=0.1


end of trees

feature_importances:
Column_59=32
Column_33=25
Column_57=23
Column_1=22
Column_0=19
Column_31=17
Column_52=13
Column_28=12
Column_30=11
Column_35=11
Column_34=10
Column_39=10
Column_3=9
Column_58=9
Column_53=8
Column_10=6
Column_37=6
Column_38=6
Column_29=5
Column_65=5
Column_71=5
Column_32=4
Column_61=4
Column_70=4
Column_4=3
Column_27=3
Column_36=3
Column_51=3
Column_54=3
Column_63=3
Column_66=3
Column_67=3
Column_68=3
Column_72=3
Column_19=2
Column_40=2
Column_45=2
Column_49=2
Column_55=2
Column_60=2
Column_69=2
Column_14=1
Column_41=1
Column_42=1
Column_44=1
Column_46=1
Column_47=1
Column_50=1

parameters:
[boosting: gbdt]
[objective: binary]
[metric: binary_logloss]
[tree_learner: serial]
[device_type: cpu]
[data: ]
[valid: ]
[num_iterations: 500]
[learning_rate: 0.1]
[num_leaves: 64]
[num_threads: 48]
[deterministic: 1]
[force_col_wise: 0]
[force_row_wise: 1]
[histogram_pool_size: -1]
[max_depth: 6]
[min_data_in_leaf: 20]
[min_sum_hessian_in_leaf: 0.001]
[bagging_fraction: 0.8]
[pos_bagging_fraction: 1]
[neg_bagging_fraction: 1]
[bagging_freq: 1]
[bagging_seed: 42]
[feature_fraction: 0.8]
[feature_fraction_bynode: 1]
[feature_fraction_seed: 42]
[extra_trees: 0]
[extra_seed: 12879]
[early_stopping_round: 0]
[first_metric_only: 0]
[max_delta_step: 0]
[lambda_l1: 0]
[lambda_l2: 0]
[linear_lambda: 0]
[min_gain_to_split: 0]
[drop_rate: 0.1]
[max_drop: 50]
[skip_drop: 0.5]
[xgboost_dart_mode: 0]
[uniform_drop: 0]
[drop_seed: 17869]
[top_rate: 0.2]
[other_rate: 0.1]
[min_data_per_group: 100]
[max_cat_threshold: 32]
[cat_l2: 10]
[cat_smooth: 10]
[max_cat_to_onehot: 4]
[top_k: 20]
[monotone_constraints: ]
[monotone_constraints_method: basic]
[monotone_penalty: 0]
[feature_contri: ]
[forcedsplits_filename: ]
[refit_decay_rate: 0.9]
[cegb_tradeoff: 1]
[cegb_penalty_split: 0]
[cegb_penalty_feature_lazy: ]
[cegb_penalty_feature_coupled: ]
[path_smooth: 0]
[interaction_constraints: ]
[verbosity: -1]
[saved_feature_importance_type: 0]
[linear_tree: 0]
[max_bin: 255]
[max_bin_by_feature: ]
[min_data_in_bin: 3]
[bin_construct_sample_cnt: 200000]
[data_random_seed: 175]
[is_enable_sparse: 1]
[enable_bundle: 1]
[use_missing: 1]
[zero_as_missing: 0]
[feature_pre_filter: 1]
[pre_partition: 0]
[two_round: 0]
[header: 0]
[label_column: ]
[weight_column: ]
[group_column: ]
[ignore_column: ]
[categorical_feature: ]
[forcedbins_filename: ]
[precise_float_parser: 0]
[objective_seed: 16083]
[num_class: 1]
[is_unbalance: 0]
[scale_pos_weight: 1092.29]
[sigmoid: 1]
[boost_from_average: 1]
[reg_sqrt: 0]
[alpha: 0.9]
[fair_c: 1]
[poisson_max_delta_step: 0.7]
[tweedie_variance_power: 1.5]
[lambdarank_truncation_level: 30]
[lambdarank_norm: 1]
[label_gain: ]
[eval_at: ]
[multi_error_top_k: 1]
[auc_mu_weights: ]
[num_machines: 1]
[local_listen_port: 12400]
[time_out: 120]
[machine_list_filename: ]
[machines: ]
[gpu_platform_id: -1]
[gpu_device_id: -1]
[gpu_use_dp: 0]
[num_gpu: 1]

end of parameters

pandas_categorical:null
